[[[[0.7921569 ]
   [0.73333335]
   [0.77254903]
   ...
   [0.8901961 ]
   [0.89411765]
   [0.8980392 ]]

  [[0.7490196 ]
   [0.7058824 ]
   [0.78039217]
   ...
   [0.89411765]
   [0.84705883]
   [0.8509804 ]]

  [[0.8666667 ]
   [0.8392157 ]
   [0.8980392 ]
   ...
   [0.89411765]
   [0.84313726]
   [0.8117647 ]]

  ...

  [[0.        ]
   [0.        ]
   [0.        ]
   ...
   [0.        ]
   [0.        ]
   [0.        ]]

  [[0.        ]
   [0.        ]
   [0.        ]
   ...
   [0.        ]
   [0.        ]
   [0.        ]]

  [[0.        ]
   [0.        ]
   [0.        ]
   ...
   [0.        ]
   [0.        ]
   [0.        ]]]


 [[[0.8392157 ]
   [0.8352941 ]
   [0.8235294 ]
   ...
   [0.9411765 ]
   [0.9372549 ]
   [0.9372549 ]]

  [[0.8156863 ]
   [0.827451  ]
   [0.8392157 ]
   ...
   [0.9019608 ]
   [0.90588236]
   [0.93333334]]

  [[0.81960785]
   [0.8784314 ]
   [0.91764706]
   ...
   [0.8784314 ]
   [0.8627451 ]
   [0.8901961 ]]

  ...

  [[0.07450981]
   [0.07058824]
   [0.0627451 ]
   ...
   [0.01176471]
   [0.        ]
   [0.04705882]]

  [[0.07450981]
   [0.07058824]
   [0.0627451 ]
   ...
   [0.01176471]
   [0.        ]
   [0.04705882]]

  [[0.07058824]
   [0.06666667]
   [0.05490196]
   ...
   [0.00392157]
   [0.        ]
   [0.04313726]]]


 [[[0.8901961 ]
   [0.8901961 ]
   [0.8862745 ]
   ...
   [0.76862746]
   [0.74509805]
   [0.73333335]]

  [[0.88235295]
   [0.89411765]
   [0.8666667 ]
   ...
   [0.76862746]
   [0.7176471 ]
   [0.6862745 ]]

  [[0.88235295]
   [0.8784314 ]
   [0.8352941 ]
   ...
   [0.74509805]
   [0.6784314 ]
   [0.6392157 ]]

  ...

  [[0.08235294]
   [0.07843138]
   [0.07843138]
   ...
   [0.03921569]
   [0.04705882]
   [0.04705882]]

  [[0.07843138]
   [0.08235294]
   [0.08235294]
   ...
   [0.03137255]
   [0.04705882]
   [0.05098039]]

  [[0.09019608]
   [0.08627451]
   [0.08235294]
   ...
   [0.02745098]
   [0.04705882]
   [0.05098039]]]


 ...


 [[[0.        ]
   [0.        ]
   [0.        ]
   ...
   [0.        ]
   [0.        ]
   [0.        ]]

  [[0.        ]
   [0.        ]
   [0.        ]
   ...
   [0.        ]
   [0.        ]
   [0.        ]]

  [[0.        ]
   [0.        ]
   [0.        ]
   ...
   [0.        ]
   [0.        ]
   [0.        ]]

  ...

  [[0.        ]
   [0.        ]
   [0.        ]
   ...
   [0.14519762]
   [0.15330882]
   [0.16153494]]

  [[0.        ]
   [0.        ]
   [0.        ]
   ...
   [0.14094669]
   [0.14747243]
   [0.1640625 ]]

  [[0.        ]
   [0.        ]
   [0.        ]
   ...
   [0.14212623]
   [0.15349266]
   [0.15675552]]]


 [[[0.        ]
   [0.        ]
   [0.        ]
   ...
   [0.        ]
   [0.        ]
   [0.        ]]

  [[0.        ]
   [0.        ]
   [0.        ]
   ...
   [0.        ]
   [0.        ]
   [0.        ]]

  [[0.        ]
   [0.        ]
   [0.        ]
   ...
   [0.        ]
   [0.        ]
   [0.        ]]

  ...

  [[0.        ]
   [0.        ]
   [0.        ]
   ...
   [0.        ]
   [0.        ]
   [0.        ]]

  [[0.        ]
   [0.        ]
   [0.        ]
   ...
   [0.        ]
   [0.        ]
   [0.        ]]

  [[0.        ]
   [0.        ]
   [0.        ]
   ...
   [0.        ]
   [0.        ]
   [0.        ]]]


 [[[0.62122285]
   [0.63231325]
   [0.62331975]
   ...
   [0.        ]
   [0.        ]
   [0.        ]]

  [[0.6055891 ]
   [0.5891108 ]
   [0.5283815 ]
   ...
   [0.        ]
   [0.        ]
   [0.        ]]

  [[0.574578  ]
   [0.5455297 ]
   [0.51038873]
   ...
   [0.        ]
   [0.        ]
   [0.        ]]

  ...

  [[0.        ]
   [0.        ]
   [0.        ]
   ...
   [0.        ]
   [0.        ]
   [0.        ]]

  [[0.        ]
   [0.        ]
   [0.        ]
   ...
   [0.        ]
   [0.        ]
   [0.        ]]

  [[0.        ]
   [0.        ]
   [0.        ]
   ...
   [0.        ]
   [0.        ]
   [0.        ]]]]
[[[[0.]
   [0.]
   [0.]
   ...
   [0.]
   [0.]
   [0.]]

  [[0.]
   [0.]
   [0.]
   ...
   [0.]
   [0.]
   [0.]]

  [[0.]
   [0.]
   [0.]
   ...
   [0.]
   [0.]
   [0.]]

  ...

  [[0.]
   [0.]
   [0.]
   ...
   [0.]
   [0.]
   [0.]]

  [[0.]
   [0.]
   [0.]
   ...
   [0.]
   [0.]
   [0.]]

  [[0.]
   [0.]
   [0.]
   ...
   [0.]
   [0.]
   [0.]]]


 [[[0.]
   [0.]
   [0.]
   ...
   [0.]
   [0.]
   [0.]]

  [[0.]
   [0.]
   [0.]
   ...
   [0.]
   [0.]
   [0.]]

  [[0.]
   [0.]
   [0.]
   ...
   [0.]
   [0.]
   [0.]]

  ...

  [[0.]
   [0.]
   [0.]
   ...
   [0.]
   [0.]
   [0.]]

  [[0.]
   [0.]
   [0.]
   ...
   [0.]
   [0.]
   [0.]]

  [[0.]
   [0.]
   [0.]
   ...
   [0.]
   [0.]
   [0.]]]


 [[[0.]
   [0.]
   [0.]
   ...
   [0.]
   [0.]
   [0.]]

  [[0.]
   [0.]
   [0.]
   ...
   [0.]
   [0.]
   [0.]]

  [[0.]
   [0.]
   [0.]
   ...
   [0.]
   [0.]
   [0.]]

  ...

  [[0.]
   [0.]
   [0.]
   ...
   [0.]
   [0.]
   [0.]]

  [[0.]
   [0.]
   [0.]
   ...
   [0.]
   [0.]
   [0.]]

  [[0.]
   [0.]
   [0.]
   ...
   [0.]
   [0.]
   [0.]]]


 ...


 [[[0.]
   [0.]
   [0.]
   ...
   [0.]
   [0.]
   [0.]]

  [[0.]
   [0.]
   [0.]
   ...
   [0.]
   [0.]
   [0.]]

  [[0.]
   [0.]
   [0.]
   ...
   [0.]
   [0.]
   [0.]]

  ...

  [[0.]
   [0.]
   [0.]
   ...
   [0.]
   [0.]
   [0.]]

  [[0.]
   [0.]
   [0.]
   ...
   [0.]
   [0.]
   [0.]]

  [[0.]
   [0.]
   [0.]
   ...
   [0.]
   [0.]
   [0.]]]


 [[[0.]
   [0.]
   [0.]
   ...
   [0.]
   [0.]
   [0.]]

  [[0.]
   [0.]
   [0.]
   ...
   [0.]
   [0.]
   [0.]]

  [[0.]
   [0.]
   [0.]
   ...
   [0.]
   [0.]
   [0.]]

  ...

  [[0.]
   [0.]
   [0.]
   ...
   [0.]
   [0.]
   [0.]]

  [[0.]
   [0.]
   [0.]
   ...
   [0.]
   [0.]
   [0.]]

  [[0.]
   [0.]
   [0.]
   ...
   [0.]
   [0.]
   [0.]]]


 [[[0.]
   [0.]
   [0.]
   ...
   [0.]
   [0.]
   [0.]]

  [[0.]
   [0.]
   [0.]
   ...
   [0.]
   [0.]
   [0.]]

  [[0.]
   [0.]
   [0.]
   ...
   [0.]
   [0.]
   [0.]]

  ...

  [[0.]
   [0.]
   [0.]
   ...
   [0.]
   [0.]
   [0.]]

  [[0.]
   [0.]
   [0.]
   ...
   [0.]
   [0.]
   [0.]]

  [[0.]
   [0.]
   [0.]
   ...
   [0.]
   [0.]
   [0.]]]]